           0     -64.0522
   0.0120677      -64.052
   0.0241353     -64.0497
    0.036203     -64.0577
   0.0482706     -64.0552
   0.0603383     -64.0613
    0.072406     -64.0617
   0.0844736     -64.0628
   0.0965413     -64.0651
    0.108609     -64.0655
    0.120677     -64.0665
    0.132744     -64.0655
    0.144812     -64.0691
     0.15688     -64.0695
    0.168947       -64.07
    0.181015     -64.0696
    0.193083     -64.0718
     0.20515     -64.0701
    0.217218     -64.0706
    0.229286     -64.0694
    0.229286     -64.0694
    0.236253     -64.0693
     0.24322      -64.071
    0.250187     -64.0707
    0.257155     -64.0703
    0.264122     -64.0715
    0.271089     -64.0709
    0.278056     -64.0705
    0.285024     -64.0701
    0.291991     -64.0714
    0.298958     -64.0709
    0.305926      -64.068
    0.312893     -64.0695
     0.31986     -64.0692
    0.326827     -64.0728
    0.333795     -64.0695
    0.340762     -64.0745
    0.347729     -64.0705
    0.354696     -64.0706
    0.361664     -64.0707
    0.361664     -64.0707
    0.368631     -64.0706
    0.375598     -64.0675
    0.382565     -64.0699
    0.389533     -64.0701
      0.3965     -64.0684
    0.403467     -64.0705
    0.410435     -64.0704
    0.417402     -64.0692
    0.424369     -64.0653
    0.431336     -64.0648
    0.438304     -64.0663
    0.445271     -64.0644
    0.452238     -64.0677
    0.459205     -64.0692
    0.466173     -64.0692
     0.47314     -64.0682
    0.480107     -64.0685
    0.487075     -64.0699
    0.494042     -64.0739
    0.494042     -64.0739
    0.503895     -64.0678
    0.513748     -64.0644
    0.523601     -64.0659
    0.533455     -64.0647
    0.543308     -64.0669
    0.553161     -64.0674
    0.563014     -64.0677
    0.572867     -64.0677
    0.582721     -64.0649
    0.592574     -64.0712
    0.602427     -64.0675
     0.61228     -64.0722
    0.622133     -64.0701
    0.631987       -64.07
     0.64184     -64.0726
    0.651693     -64.0706
    0.661546     -64.0712
    0.671399     -64.0697
    0.681253     -64.0694

           0     -38.4459
   0.0120677     -38.4455
   0.0241353     -38.4444
    0.036203     -38.4464
   0.0482706     -38.4445
   0.0603383     -38.4435
    0.072406     -38.4408
   0.0844736     -38.4381
   0.0965413      -38.436
    0.108609     -38.4328
    0.120677     -38.4296
    0.132744     -38.4251
    0.144812     -38.4217
     0.15688     -38.4186
    0.168947      -38.417
    0.181015     -38.4137
    0.193083     -38.4136
     0.20515      -38.411
    0.217218     -38.4105
    0.229286     -38.4096
    0.229286     -38.4096
    0.236253     -38.4098
     0.24322     -38.4115
    0.250187     -38.4128
    0.257155     -38.4146
    0.264122      -38.418
    0.271089     -38.4207
    0.278056     -38.4226
    0.285024     -38.4262
    0.291991     -38.4311
    0.298958     -38.4348
    0.305926     -38.4371
    0.312893     -38.4412
     0.31986     -38.4448
    0.326827     -38.4481
    0.333795     -38.4505
    0.340762     -38.4535
    0.347729     -38.4538
    0.354696     -38.4551
    0.361664     -38.4554
    0.361664     -38.4554
    0.368631     -38.4554
    0.375598      -38.455
    0.382565     -38.4552
    0.389533     -38.4551
      0.3965     -38.4548
    0.403467     -38.4551
    0.410435     -38.4548
    0.417402     -38.4536
    0.424369     -38.4515
    0.431336     -38.4513
    0.438304      -38.452
    0.445271     -38.4512
    0.452238     -38.4529
    0.459205      -38.453
    0.466173     -38.4524
     0.47314      -38.452
    0.480107     -38.4529
    0.487075      -38.453
    0.494042     -38.4531
    0.494042     -38.4531
    0.503895      -38.451
    0.513748     -38.4496
    0.523601     -38.4488
    0.533455     -38.4464
    0.543308     -38.4454
    0.553161      -38.443
    0.563014     -38.4401
    0.572867     -38.4367
    0.582721     -38.4316
    0.592574     -38.4297
    0.602427      -38.425
     0.61228     -38.4236
    0.622133     -38.4194
    0.631987     -38.4164
     0.64184     -38.4156
    0.651693     -38.4123
    0.661546     -38.4112
    0.671399     -38.4102
    0.681253     -38.4096

           0     -38.4459
   0.0120677     -38.4455
   0.0241353     -38.4444
    0.036203      -38.444
   0.0482706     -38.4411
   0.0603383      -38.441
    0.072406     -38.4386
   0.0844736     -38.4358
   0.0965413     -38.4331
    0.108609     -38.4299
    0.120677     -38.4267
    0.132744     -38.4234
    0.144812     -38.4214
     0.15688     -38.4186
    0.168947     -38.4154
    0.181015     -38.4135
    0.193083      -38.412
     0.20515     -38.4107
    0.217218       -38.41
    0.229286     -38.4096
    0.229286     -38.4096
    0.236253     -38.4095
     0.24322     -38.4098
    0.250187     -38.4097
    0.257155     -38.4094
    0.264122     -38.4092
    0.271089     -38.4088
    0.278056     -38.4092
    0.285024     -38.4088
    0.291991     -38.4086
    0.298958     -38.4081
    0.305926     -38.4076
    0.312893     -38.4076
     0.31986     -38.4072
    0.326827     -38.4083
    0.333795     -38.4067
    0.340762     -38.4085
    0.347729     -38.4076
    0.354696     -38.4076
    0.361664     -38.4076
    0.361664     -38.4076
    0.368631     -38.4079
    0.375598     -38.4073
    0.382565     -38.4099
    0.389533     -38.4123
      0.3965     -38.4149
    0.403467     -38.4181
    0.410435     -38.4214
    0.417402     -38.4248
    0.424369     -38.4271
    0.431336     -38.4306
    0.438304     -38.4347
    0.445271     -38.4373
    0.452238     -38.4398
    0.459205     -38.4438
    0.466173     -38.4467
     0.47314     -38.4483
    0.480107     -38.4491
    0.487075     -38.4502
    0.494042     -38.4531
    0.494042     -38.4531
    0.503895     -38.4504
    0.513748     -38.4491
    0.523601     -38.4481
    0.533455     -38.4453
    0.543308     -38.4441
    0.553161     -38.4415
    0.563014     -38.4385
    0.572867     -38.4351
    0.582721     -38.4312
    0.592574     -38.4287
    0.602427     -38.4235
     0.61228     -38.4216
    0.622133     -38.4187
    0.631987     -38.4162
     0.64184     -38.4143
    0.651693     -38.4122
    0.661546      -38.411
    0.671399     -38.4098
    0.681253     -38.4096

           0     -38.4459
   0.0120677     -38.4454
   0.0241353     -38.4428
    0.036203      -38.444
   0.0482706     -38.4411
   0.0603383      -38.441
    0.072406     -38.4386
   0.0844736     -38.4358
   0.0965413     -38.4331
    0.108609     -38.4299
    0.120677     -38.4267
    0.132744     -38.4234
    0.144812     -38.4214
     0.15688     -38.4186
    0.168947     -38.4154
    0.181015     -38.4135
    0.193083      -38.412
     0.20515     -38.4107
    0.217218       -38.41
    0.229286     -38.4096
    0.229286     -38.4096
    0.236253     -38.4095
     0.24322     -38.4098
    0.250187     -38.4097
    0.257155     -38.4094
    0.264122     -38.4092
    0.271089     -38.4088
    0.278056     -38.4092
    0.285024     -38.4088
    0.291991     -38.4086
    0.298958     -38.4081
    0.305926     -38.4076
    0.312893     -38.4076
     0.31986     -38.4072
    0.326827     -38.4083
    0.333795     -38.4067
    0.340762     -38.4085
    0.347729     -38.4076
    0.354696     -38.4076
    0.361664     -38.4076
    0.361664     -38.4076
    0.368631     -38.4076
    0.375598     -38.4067
    0.382565     -38.4069
    0.389533     -38.4069
      0.3965     -38.4056
    0.403467     -38.4063
    0.410435     -38.4062
    0.417402      -38.406
    0.424369     -38.4052
    0.431336     -38.4054
    0.438304     -38.4054
    0.445271     -38.4052
    0.452238     -38.4071
    0.459205     -38.4071
    0.466173      -38.407
     0.47314     -38.4068
    0.480107     -38.4071
    0.487075     -38.4084
    0.494042      -38.409
    0.494042      -38.409
    0.503895     -38.4084
    0.513748     -38.4052
    0.523601     -38.4056
    0.533455     -38.4057
    0.543308     -38.4058
    0.553161     -38.4062
    0.563014     -38.4065
    0.572867     -38.4068
    0.582721     -38.4065
    0.592574     -38.4087
    0.602427     -38.4088
     0.61228     -38.4093
    0.622133     -38.4087
    0.631987     -38.4087
     0.64184     -38.4094
    0.651693     -38.4097
    0.661546     -38.4101
    0.671399     -38.4095
    0.681253     -38.4096

           0     -33.1319
   0.0120677     -33.1326
   0.0241353     -33.1345
    0.036203     -33.1377
   0.0482706     -33.1419
   0.0603383     -33.1473
    0.072406     -33.1535
   0.0844736     -33.1605
   0.0965413     -33.1682
    0.108609     -33.1764
    0.120677      -33.185
    0.132744     -33.1937
    0.144812     -33.2025
     0.15688     -33.2109
    0.168947     -33.2188
    0.181015     -33.2258
    0.193083     -33.2317
     0.20515     -33.2361
    0.217218     -33.2388
    0.229286     -33.2397
    0.229286     -33.2397
    0.236253     -33.2394
     0.24322     -33.2385
    0.250187      -33.237
    0.257155     -33.2349
    0.264122     -33.2324
    0.271089     -33.2294
    0.278056     -33.2261
    0.285024     -33.2225
    0.291991     -33.2188
    0.298958      -33.215
    0.305926     -33.2113
    0.312893     -33.2077
     0.31986     -33.2043
    0.326827     -33.2013
    0.333795     -33.1988
    0.340762     -33.1967
    0.347729     -33.1952
    0.354696     -33.1942
    0.361664     -33.1939
    0.361664     -33.1939
    0.368631     -33.1937
    0.375598     -33.1931
    0.382565     -33.1921
    0.389533     -33.1907
      0.3965      -33.189
    0.403467      -33.187
    0.410435     -33.1848
    0.417402     -33.1825
    0.424369       -33.18
    0.431336     -33.1775
    0.438304      -33.175
    0.445271     -33.1726
    0.452238     -33.1704
    0.459205     -33.1684
    0.466173     -33.1667
     0.47314     -33.1653
    0.480107     -33.1643
    0.487075     -33.1637
    0.494042     -33.1635
    0.494042     -33.1635
    0.503895     -33.1639
    0.513748     -33.1651
    0.523601     -33.1672
    0.533455     -33.1701
    0.543308     -33.1737
    0.553161     -33.1781
    0.563014     -33.1832
    0.572867     -33.1887
    0.582721     -33.1947
    0.592574     -33.2011
    0.602427     -33.2075
     0.61228     -33.2138
    0.622133     -33.2199
    0.631987     -33.2254
     0.64184     -33.2303
    0.651693     -33.2343
    0.661546     -33.2373
    0.671399     -33.2391
    0.681253     -33.2397

           0     -17.3003
   0.0120677     -17.3378
   0.0241353     -17.4386
    0.036203     -17.5828
   0.0482706     -17.7457
   0.0603383     -17.9143
    0.072406     -18.0792
   0.0844736      -18.236
   0.0965413     -18.3781
    0.108609     -18.5018
    0.120677     -18.6063
    0.132744     -18.6906
    0.144812     -18.7559
     0.15688     -18.8029
    0.168947      -18.834
    0.181015     -18.8515
    0.193083     -18.8599
     0.20515     -18.8619
    0.217218     -18.8616
    0.229286     -18.8609
    0.229286     -18.8609
    0.236253     -18.8611
     0.24322     -18.8621
    0.250187     -18.8639
    0.257155     -18.8674
    0.264122     -18.8736
    0.271089     -18.8833
    0.278056     -18.8964
    0.285024     -18.9142
    0.291991     -18.9359
    0.298958     -18.9606
    0.305926     -18.9872
    0.312893     -19.0148
     0.31986     -19.0429
    0.326827     -19.0678
    0.333795     -19.0888
    0.340762     -19.1067
    0.347729     -19.1197
    0.354696     -19.1275
    0.361664     -19.1303
    0.361664     -19.1303
    0.368631     -19.1258
    0.375598     -19.1123
    0.382565     -19.0909
    0.389533     -19.0602
      0.3965     -19.0212
    0.403467     -18.9748
    0.410435     -18.9208
    0.417402     -18.8601
    0.424369     -18.7919
    0.431336     -18.7202
    0.438304     -18.6439
    0.445271     -18.5637
    0.452238     -18.4814
    0.459205     -18.3976
    0.466173     -18.3137
     0.47314     -18.2308
    0.480107     -18.1519
    0.487075     -18.0837
    0.494042     -18.0504
    0.494042     -18.0504
    0.503895     -18.1088
    0.513748     -18.2087
    0.523601     -18.3134
    0.533455     -18.4135
    0.543308     -18.5075
    0.553161     -18.5903
    0.563014     -18.6617
    0.572867     -18.7211
    0.582721     -18.7677
    0.592574     -18.8045
    0.602427     -18.8296
     0.61228     -18.8468
    0.622133     -18.8566
    0.631987     -18.8617
     0.64184     -18.8637
    0.651693     -18.8634
    0.661546     -18.8624
    0.671399     -18.8613
    0.681253     -18.8609

           0     -17.3003
   0.0120677     -17.3082
   0.0241353     -17.3303
    0.036203     -17.3653
   0.0482706     -17.4055
   0.0603383     -17.4507
    0.072406     -17.4939
   0.0844736     -17.5335
   0.0965413     -17.5676
    0.108609     -17.5947
    0.120677     -17.6146
    0.132744     -17.6264
    0.144812     -17.6323
     0.15688     -17.6307
    0.168947     -17.6246
    0.181015     -17.6151
    0.193083      -17.605
     0.20515     -17.5955
    0.217218     -17.5892
    0.229286      -17.587
    0.229286      -17.587
    0.236253     -17.5889
     0.24322      -17.594
    0.250187     -17.6012
    0.257155     -17.6085
    0.264122     -17.6141
    0.271089     -17.6154
    0.278056      -17.611
    0.285024     -17.6001
    0.291991     -17.5824
    0.298958     -17.5586
    0.305926     -17.5514
    0.312893     -17.5469
     0.31986     -17.5417
    0.326827     -17.5388
    0.333795     -17.5355
    0.340762     -17.5343
    0.347729     -17.5324
    0.354696     -17.5317
    0.361664     -17.5313
    0.361664     -17.5313
    0.368631     -17.5306
    0.375598     -17.5279
    0.382565     -17.5242
    0.389533      -17.521
      0.3965     -17.5175
    0.403467     -17.5154
    0.410435     -17.5263
    0.417402     -17.5704
    0.424369     -17.6151
    0.431336     -17.6599
    0.438304     -17.7031
    0.445271     -17.7428
    0.452238     -17.7811
    0.459205     -17.8137
    0.466173     -17.8413
     0.47314     -17.8631
    0.480107     -17.8789
    0.487075     -17.8888
    0.494042     -17.8925
    0.494042     -17.8925
    0.503895     -17.8896
    0.513748     -17.8843
    0.523601     -17.8761
    0.533455     -17.8649
    0.543308      -17.851
    0.553161     -17.8339
    0.563014     -17.8142
    0.572867     -17.7923
    0.582721     -17.7685
    0.592574     -17.7461
    0.602427     -17.7198
     0.61228     -17.6951
    0.622133     -17.6702
    0.631987     -17.6468
     0.64184     -17.6271
    0.651693     -17.6101
    0.661546     -17.5975
    0.671399     -17.5896
    0.681253      -17.587

           0     -17.3003
   0.0120677     -17.3082
   0.0241353     -17.3303
    0.036203     -17.3653
   0.0482706     -17.4055
   0.0603383     -17.4507
    0.072406     -17.4939
   0.0844736     -17.5335
   0.0965413     -17.5676
    0.108609     -17.5947
    0.120677     -17.6146
    0.132744     -17.6264
    0.144812     -17.6323
     0.15688     -17.6307
    0.168947     -17.6246
    0.181015     -17.6151
    0.193083      -17.605
     0.20515     -17.5955
    0.217218     -17.5892
    0.229286      -17.587
    0.229286      -17.587
    0.236253     -17.5866
     0.24322     -17.5854
    0.250187     -17.5835
    0.257155     -17.5809
    0.264122     -17.5776
    0.271089     -17.5737
    0.278056     -17.5696
    0.285024     -17.5651
    0.291991     -17.5609
    0.298958     -17.5562
    0.305926     -17.5288
    0.312893     -17.4976
     0.31986     -17.4645
    0.326827     -17.4327
    0.333795      -17.403
    0.340762      -17.378
    0.347729     -17.3574
    0.354696     -17.3457
    0.361664     -17.3417
    0.361664     -17.3417
    0.368631     -17.3461
    0.375598     -17.3588
    0.382565     -17.3809
    0.389533     -17.4095
      0.3965     -17.4437
    0.403467     -17.4837
    0.410435     -17.5152
    0.417402     -17.5176
    0.424369     -17.5243
    0.431336     -17.5354
    0.438304     -17.5535
    0.445271      -17.578
    0.452238       -17.61
    0.459205     -17.6494
    0.466173     -17.6959
     0.47314     -17.7488
    0.480107     -17.8064
    0.487075     -17.8617
    0.494042     -17.8925
    0.494042     -17.8925
    0.503895     -17.8354
    0.513748     -17.7465
    0.523601     -17.6631
    0.533455     -17.5922
    0.543308     -17.5379
    0.553161     -17.5015
    0.563014     -17.4823
    0.572867     -17.4781
    0.582721     -17.4856
    0.592574     -17.5016
    0.602427     -17.5214
     0.61228     -17.5429
    0.622133     -17.5601
    0.631987     -17.5742
     0.64184     -17.5829
    0.651693     -17.5866
    0.661546     -17.5877
    0.671399     -17.5873
    0.681253      -17.587

           0     -15.8007
   0.0120677     -15.7893
   0.0241353     -15.7564
    0.036203     -15.7063
   0.0482706     -15.6441
   0.0603383     -15.5763
    0.072406     -15.5079
   0.0844736     -15.4439
   0.0965413     -15.3885
    0.108609     -15.3443
    0.120677     -15.3133
    0.132744     -15.2959
    0.144812     -15.2918
     0.15688     -15.2986
    0.168947     -15.3139
    0.181015     -15.3339
    0.193083      -15.355
     0.20515     -15.3732
    0.217218     -15.3856
    0.229286     -15.3899
    0.229286     -15.3899
    0.236253     -15.3894
     0.24322     -15.3878
    0.250187     -15.3851
    0.257155     -15.3815
    0.264122      -15.377
    0.271089     -15.3718
    0.278056      -15.366
    0.285024     -15.3597
    0.291991      -15.353
    0.298958     -15.3463
    0.305926     -15.3396
    0.312893     -15.3332
     0.31986     -15.3273
    0.326827      -15.322
    0.333795     -15.3172
    0.340762     -15.3135
    0.347729     -15.3107
    0.354696      -15.309
    0.361664     -15.3084
    0.361664     -15.3084
    0.368631     -15.3078
    0.375598     -15.3058
    0.382565     -15.3028
    0.389533     -15.2985
      0.3965     -15.2931
    0.403467     -15.2869
    0.410435       -15.28
    0.417402     -15.2725
    0.424369     -15.2646
    0.431336     -15.2566
    0.438304     -15.2487
    0.445271     -15.2411
    0.452238     -15.2342
    0.459205     -15.2278
    0.466173     -15.2223
     0.47314     -15.2179
    0.480107     -15.2146
    0.487075     -15.2127
    0.494042     -15.2121
    0.494042     -15.2121
    0.503895     -15.2134
    0.513748     -15.2172
    0.523601     -15.2237
    0.533455     -15.2324
    0.543308     -15.2432
    0.553161     -15.2556
    0.563014     -15.2691
    0.572867     -15.2835
    0.582721     -15.2982
    0.592574     -15.3131
    0.602427     -15.3273
     0.61228     -15.3407
    0.622133      -15.353
    0.631987     -15.3638
     0.64184      -15.373
    0.651693     -15.3803
    0.661546     -15.3856
    0.671399     -15.3888
    0.681253     -15.3899

           0     -15.8007
   0.0120677     -15.7893
   0.0241353     -15.7564
    0.036203     -15.7063
   0.0482706     -15.6441
   0.0603383     -15.5763
    0.072406     -15.5079
   0.0844736     -15.4439
   0.0965413     -15.3885
    0.108609     -15.3443
    0.120677     -15.3133
    0.132744     -15.2959
    0.144812     -15.2918
     0.15688     -15.2986
    0.168947     -15.3139
    0.181015     -15.3339
    0.193083      -15.355
     0.20515     -15.3732
    0.217218     -15.3856
    0.229286     -15.3899
    0.229286     -15.3899
    0.236253     -15.3894
     0.24322     -15.3878
    0.250187     -15.3851
    0.257155     -15.3815
    0.264122      -15.377
    0.271089     -15.3718
    0.278056      -15.366
    0.285024     -15.3597
    0.291991      -15.353
    0.298958     -15.3463
    0.305926     -15.3396
    0.312893     -15.3332
     0.31986     -15.3273
    0.326827      -15.322
    0.333795     -15.3172
    0.340762     -15.3135
    0.347729     -15.3107
    0.354696      -15.309
    0.361664     -15.3084
    0.361664     -15.3084
    0.368631      -15.305
    0.375598     -15.2948
    0.382565     -15.2785
    0.389533     -15.2566
      0.3965     -15.2301
    0.403467     -15.2001
    0.410435     -15.1677
    0.417402     -15.1337
    0.424369      -15.099
    0.431336     -15.0652
    0.438304     -15.0326
    0.445271      -15.002
    0.452238     -14.9739
    0.459205     -14.9494
    0.466173     -14.9286
     0.47314     -14.9117
    0.480107     -14.8997
    0.487075     -14.8923
    0.494042     -14.8902
    0.494042     -14.8902
    0.503895     -14.8928
    0.513748     -14.9022
    0.523601     -14.9177
    0.533455     -14.9387
    0.543308     -14.9648
    0.553161     -14.9954
    0.563014     -15.0298
    0.572867     -15.0672
    0.582721     -15.1066
    0.592574     -15.1479
    0.602427     -15.1884
     0.61228     -15.2285
    0.622133     -15.2662
    0.631987     -15.3009
     0.64184     -15.3313
    0.651693     -15.3561
    0.661546     -15.3746
    0.671399      -15.386
    0.681253     -15.3899

           0     -15.8007
   0.0120677     -15.7638
   0.0241353     -15.6644
    0.036203     -15.5277
   0.0482706     -15.3759
   0.0603383     -15.2263
    0.072406     -15.0917
   0.0844736     -14.9814
   0.0965413     -14.9035
    0.108609     -14.8607
    0.120677     -14.8545
    0.132744     -14.8818
    0.144812     -14.9372
     0.15688      -15.013
    0.168947        -15.1
    0.181015     -15.1886
    0.193083     -15.2693
     0.20515     -15.3338
    0.217218     -15.3755
    0.229286     -15.3899
    0.229286     -15.3899
    0.236253     -15.3832
     0.24322     -15.3636
    0.250187      -15.332
    0.257155     -15.2901
    0.264122       -15.24
    0.271089     -15.1835
    0.278056     -15.1227
    0.285024       -15.06
    0.291991     -14.9971
    0.298958     -14.9356
    0.305926     -14.8771
    0.312893     -14.8231
     0.31986      -14.774
    0.326827     -14.7313
    0.333795     -14.6955
    0.340762     -14.6673
    0.347729     -14.6469
    0.354696     -14.6341
    0.361664       -14.63
    0.361664       -14.63
    0.368631     -14.6326
    0.375598     -14.6402
    0.382565     -14.6526
    0.389533     -14.6691
      0.3965     -14.6891
    0.403467     -14.7116
    0.410435     -14.7357
    0.417402     -14.7603
    0.424369      -14.784
    0.431336     -14.8065
    0.438304      -14.827
    0.445271     -14.8444
    0.452238      -14.859
    0.459205     -14.8701
    0.466173     -14.8783
     0.47314     -14.8839
    0.480107     -14.8874
    0.487075     -14.8894
    0.494042     -14.8902
    0.494042     -14.8902
    0.503895     -14.8903
    0.513748     -14.8918
    0.523601     -14.8937
    0.533455     -14.8951
    0.543308     -14.8974
    0.553161     -14.8998
    0.563014     -14.9049
    0.572867     -14.9154
    0.582721     -14.9342
    0.592574     -14.9633
    0.602427     -15.0039
     0.61228     -15.0554
    0.622133     -15.1151
    0.631987     -15.1796
     0.64184      -15.244
    0.651693     -15.3022
    0.661546      -15.349
    0.671399     -15.3794
    0.681253     -15.3899

           0     -6.57464
   0.0120677     -6.55254
   0.0241353     -6.48714
    0.036203     -6.38704
   0.0482706     -6.26044
   0.0603383     -6.14224
    0.072406     -6.05714
   0.0844736     -6.00874
   0.0965413     -5.96494
    0.108609     -5.89594
    0.120677     -5.78904
    0.132744     -5.64394
    0.144812     -5.46534
     0.15688     -5.26704
    0.168947     -5.06244
    0.181015     -4.86434
    0.193083     -4.69104
     0.20515     -4.55554
    0.217218     -4.47054
    0.229286     -4.44084
    0.229286     -4.44084
    0.236253     -4.45224
     0.24322     -4.48684
    0.250187     -4.54244
    0.257155     -4.61824
    0.264122     -4.71244
    0.271089     -4.82184
    0.278056     -4.94784
    0.285024     -5.07944
    0.291991     -5.21674
    0.298958     -5.35614
    0.305926     -5.49254
    0.312893     -5.62754
     0.31986     -5.74874
    0.326827     -5.85944
    0.333795     -5.95374
    0.340762     -6.03074
    0.347729     -6.08554
    0.354696     -6.12144
    0.361664     -6.13294
    0.361664     -6.13294
    0.368631     -6.13364
    0.375598     -6.13524
    0.382565     -6.13924
    0.389533     -6.14344
      0.3965     -6.14864
    0.403467     -6.15584
    0.410435     -6.16294
    0.417402     -6.16994
    0.424369     -6.17804
    0.431336     -6.18884
    0.438304     -6.20224
    0.445271     -6.21824
    0.452238     -6.24134
    0.459205     -6.26824
    0.466173     -6.31114
     0.47314     -6.37124
    0.480107     -6.41424
    0.487075     -6.44044
    0.494042     -6.44964
    0.494042     -6.44964
    0.503895     -6.43224
    0.513748     -6.39024
    0.523601     -6.33394
    0.533455     -6.26244
    0.543308     -6.17474
    0.553161     -6.07134
    0.563014     -5.95354
    0.572867     -5.82274
    0.582721     -5.67974
    0.592574     -5.52954
    0.602427     -5.36844
     0.61228     -5.20564
    0.622133     -5.04014
    0.631987     -4.88264
     0.64184     -4.73964
    0.651693     -4.61514
    0.661546     -4.52104
    0.671399     -4.46144
    0.681253     -4.44084

           0     -5.94734
   0.0120677     -5.93484
   0.0241353     -5.89684
    0.036203     -5.83744
   0.0482706     -5.75144
   0.0603383     -5.64934
    0.072406     -5.53034
   0.0844736     -5.39984
   0.0965413     -5.26294
    0.108609     -5.12524
    0.120677     -4.99354
    0.132744     -4.86934
    0.144812     -4.75974
     0.15688     -4.66564
    0.168947     -4.59064
    0.181015     -4.53194
    0.193083     -4.49054
     0.20515     -4.46184
    0.217218     -4.44614
    0.229286     -4.44084
    0.229286     -4.44084
    0.236253     -4.44174
     0.24322     -4.44454
    0.250187     -4.44864
    0.257155     -4.45434
    0.264122     -4.46164
    0.271089     -4.46974
    0.278056     -4.47974
    0.285024     -4.48964
    0.291991     -4.49974
    0.298958     -4.50984
    0.305926     -4.51934
    0.312893     -4.52844
     0.31986     -4.53604
    0.326827     -4.54414
    0.333795     -4.54954
    0.340762     -4.55804
    0.347729     -4.56014
    0.354696     -4.56194
    0.361664     -4.56254
    0.361664     -4.56254
    0.368631     -4.56704
    0.375598     -4.58074
    0.382565     -4.60534
    0.389533     -4.71784
      0.3965     -4.91604
    0.403467     -5.10754
    0.410435     -5.28984
    0.417402     -5.46204
    0.424369     -5.62274
    0.431336     -5.77234
    0.438304     -5.90984
    0.445271     -6.03234
    0.452238     -6.14074
    0.459205     -6.23424
    0.466173     -6.30084
     0.47314     -6.33554
    0.480107     -6.36634
    0.487075     -6.38824
    0.494042     -6.39694
    0.494042     -6.39694
    0.503895     -6.37864
    0.513748     -6.32094
    0.523601     -6.21614
    0.533455     -6.06494
    0.543308     -5.87524
    0.553161     -5.65424
    0.563014     -5.42424
    0.572867     -5.28454
    0.582721     -5.14174
    0.592574     -5.00384
    0.602427     -4.87244
     0.61228     -4.75824
    0.622133     -4.65884
    0.631987     -4.58064
     0.64184     -4.52424
    0.651693     -4.48404
    0.661546     -4.45904
    0.671399     -4.44514
    0.681253     -4.44084

           0     -5.94734
   0.0120677     -5.93484
   0.0241353     -5.89684
    0.036203     -5.83744
   0.0482706     -5.75144
   0.0603383     -5.64934
    0.072406     -5.53034
   0.0844736     -5.39984
   0.0965413     -5.26294
    0.108609     -5.12524
    0.120677     -4.99354
    0.132744     -4.86934
    0.144812     -4.75974
     0.15688     -4.66564
    0.168947     -4.59064
    0.181015     -4.53194
    0.193083     -4.49054
     0.20515     -4.46184
    0.217218     -4.44614
    0.229286     -4.44084
    0.229286     -4.44084
    0.236253     -4.44174
     0.24322     -4.44454
    0.250187     -4.44864
    0.257155     -4.45434
    0.264122     -4.46164
    0.271089     -4.46974
    0.278056     -4.47974
    0.285024     -4.48964
    0.291991     -4.49974
    0.298958     -4.50984
    0.305926     -4.51934
    0.312893     -4.52844
     0.31986     -4.53604
    0.326827     -4.54414
    0.333795     -4.54954
    0.340762     -4.55804
    0.347729     -4.56014
    0.354696     -4.56194
    0.361664     -4.56254
    0.361664     -4.56254
    0.368631     -4.56244
    0.375598     -4.56154
    0.382565     -4.55844
    0.389533     -4.64514
      0.3965     -4.70074
    0.403467     -4.77634
    0.410435     -4.87204
    0.417402     -4.98674
    0.424369     -5.11664
    0.431336     -5.25554
    0.438304     -5.39764
    0.445271     -5.53264
    0.452238     -5.65864
    0.459205     -5.76424
    0.466173     -5.84724
     0.47314     -5.90474
    0.480107     -5.94204
    0.487075     -5.96214
    0.494042     -5.97014
    0.494042     -5.97014
    0.503895     -5.95474
    0.513748     -5.91814
    0.523601     -5.85814
    0.533455     -5.77514
    0.543308     -5.67374
    0.553161     -5.55544
    0.563014     -5.40574
    0.572867     -5.13544
    0.582721     -4.84754
    0.592574     -4.55184
    0.602427     -4.52194
     0.61228     -4.50734
    0.622133     -4.49314
    0.631987     -4.47904
     0.64184     -4.46684
    0.651693     -4.45604
    0.661546     -4.44804
    0.671399     -4.44254
    0.681253     -4.44084

           0     -5.25204
   0.0120677     -5.26784
   0.0241353     -5.31084
    0.036203     -5.37084
   0.0482706     -5.42004
   0.0603383     -5.42234
    0.072406     -5.33324
   0.0844736     -5.14294
   0.0965413     -4.88054
    0.108609     -4.65544
    0.120677     -4.47414
    0.132744     -4.26584
    0.144812     -4.03394
     0.15688     -3.78074
    0.168947     -3.51294
    0.181015     -3.24184
    0.193083     -2.98444
     0.20515     -2.76174
    0.217218     -2.60774
    0.229286     -2.55184
    0.229286     -2.55184
    0.236253     -2.56544
     0.24322     -2.60534
    0.250187     -2.66884
    0.257155     -2.75184
    0.264122     -2.84994
    0.271089     -2.95724
    0.278056     -3.07114
    0.285024     -3.18484
    0.291991     -3.29724
    0.298958     -3.40454
    0.305926     -3.50534
    0.312893     -3.59824
     0.31986     -3.68114
    0.326827     -3.75414
    0.333795     -3.81314
    0.340762     -3.86404
    0.347729     -3.89894
    0.354696     -3.92024
    0.361664     -3.92744
    0.361664     -3.92744
    0.368631     -4.10194
    0.375598     -4.30514
    0.382565     -4.51434
    0.389533     -4.55834
      0.3965     -4.55764
    0.403467     -4.55774
    0.410435     -4.55714
    0.417402     -4.55664
    0.424369     -4.55574
    0.431336     -4.55524
    0.438304     -4.55554
    0.445271     -4.55514
    0.452238     -4.55594
    0.459205     -4.55624
    0.466173     -4.55604
     0.47314     -4.55604
    0.480107     -4.55604
    0.487075     -4.55734
    0.494042     -4.55794
    0.494042     -4.55794
    0.503895     -4.55854
    0.513748     -4.55774
    0.523601     -4.56054
    0.533455     -4.56224
    0.543308     -4.56374
    0.553161     -4.56294
    0.563014     -4.55974
    0.572867     -4.55384
    0.582721     -4.54484
    0.592574     -4.53564
    0.602427     -4.25374
     0.61228     -3.95684
    0.622133     -3.66634
    0.631987     -3.38824
     0.64184     -3.13114
    0.651693     -2.90074
    0.661546     -2.71654
    0.671399     -2.59474
    0.681253     -2.55184

           0     -5.25204
   0.0120677     -5.24674
   0.0241353     -5.23034
    0.036203     -5.20354
   0.0482706     -5.16134
   0.0603383     -5.10644
    0.072406     -5.03044
   0.0844736     -4.93174
   0.0965413     -4.80774
    0.108609     -4.65544
    0.120677     -4.47414
    0.132744     -4.26584
    0.144812     -4.03394
     0.15688     -3.78074
    0.168947     -3.51294
    0.181015     -3.24184
    0.193083     -2.98444
     0.20515     -2.76174
    0.217218     -2.60774
    0.229286     -2.55184
    0.229286     -2.55184
    0.236253     -2.56544
     0.24322     -2.60534
    0.250187     -2.66884
    0.257155     -2.75184
    0.264122     -2.84994
    0.271089     -2.95724
    0.278056     -3.07114
    0.285024     -3.18484
    0.291991     -3.29724
    0.298958     -3.40454
    0.305926     -3.50534
    0.312893     -3.59824
     0.31986     -3.68114
    0.326827     -3.75414
    0.333795     -3.81314
    0.340762     -3.86404
    0.347729     -3.89894
    0.354696     -3.92024
    0.361664     -3.92744
    0.361664     -3.92744
    0.368631     -3.93204
    0.375598     -3.94544
    0.382565     -3.96694
    0.389533     -3.99714
      0.3965     -4.03344
    0.403467     -4.07654
    0.410435     -4.12364
    0.417402     -4.17374
    0.424369     -4.22514
    0.431336     -4.27694
    0.438304     -4.32764
    0.445271     -4.37554
    0.452238     -4.42114
    0.459205     -4.46064
    0.466173     -4.49404
     0.47314     -4.52084
    0.480107     -4.54094
    0.487075     -4.55374
    0.494042     -4.55794
    0.494042     -4.55794
    0.503895     -4.54844
    0.513748     -4.51984
    0.523601     -4.47604
    0.533455     -4.41524
    0.543308     -4.33774
    0.553161     -4.24404
    0.563014     -4.13504
    0.572867     -4.01174
    0.582721     -3.87514
    0.592574     -3.72934
    0.602427     -3.57094
     0.61228     -3.40724
    0.622133     -3.23924
    0.631987     -3.07204
     0.64184     -2.91374
    0.651693     -2.77084
    0.661546     -2.65534
    0.671399     -2.57884
    0.681253     -2.55184

           0     -5.25204
   0.0120677     -5.24674
   0.0241353     -5.23034
    0.036203     -5.20354
   0.0482706     -5.16134
   0.0603383     -5.10644
    0.072406     -5.03044
   0.0844736     -4.93174
   0.0965413     -4.80774
    0.108609     -4.57124
    0.120677     -4.23184
    0.132744     -3.86944
    0.144812     -3.49894
     0.15688     -3.12814
    0.168947     -2.76404
    0.181015     -2.42414
    0.193083     -2.47974
     0.20515     -2.51954
    0.217218     -2.54374
    0.229286     -2.55184
    0.229286     -2.55184
    0.236253     -2.55984
     0.24322     -2.58354
    0.250187     -2.62174
    0.257155     -2.67274
    0.264122     -2.73444
    0.271089     -2.80424
    0.278056     -2.87754
    0.285024     -2.95694
    0.291991     -3.03974
    0.298958     -3.11864
    0.305926     -3.24654
    0.312893     -3.39314
     0.31986     -3.52904
    0.326827     -3.64024
    0.333795     -3.73184
    0.340762     -3.80424
    0.347729     -3.85474
    0.354696     -3.88274
    0.361664     -3.89324
    0.361664     -3.89324
    0.368631     -3.76334
    0.375598     -3.68514
    0.382565     -3.63684
    0.389533     -3.59204
      0.3965     -3.54254
    0.403467     -3.48764
    0.410435     -3.42714
    0.417402     -3.36204
    0.424369     -3.29314
    0.431336     -3.22584
    0.438304     -3.16034
    0.445271     -3.09644
    0.452238     -3.11774
    0.459205     -3.17734
    0.466173     -3.22644
     0.47314     -3.26494
    0.480107     -3.29264
    0.487075     -3.30934
    0.494042     -3.31494
    0.494042     -3.31494
    0.503895     -3.30384
    0.513748     -3.27084
    0.523601     -3.21744
    0.533455     -3.14544
    0.543308     -3.10954
    0.553161     -3.16514
    0.563014     -3.19694
    0.572867     -3.19564
    0.582721     -3.15204
    0.592574     -3.06914
    0.602427     -2.93944
     0.61228     -2.77564
    0.622133     -2.57884
    0.631987     -2.54224
     0.64184     -2.54654
    0.651693     -2.54954
    0.661546     -2.55124
    0.671399     -2.55174
    0.681253     -2.55184

           0     -1.20534
   0.0120677     -1.23044
   0.0241353     -1.30174
    0.036203     -1.41664
   0.0482706     -1.55444
   0.0603383     -1.70704
    0.072406     -1.85864
   0.0844736     -1.99964
   0.0965413     -2.11954
    0.108609     -2.20914
    0.120677     -2.26154
    0.132744     -2.27414
    0.144812     -2.24494
     0.15688     -2.27394
    0.168947     -2.35574
    0.181015     -2.41434
    0.193083     -2.09364
     0.20515     -1.82294
    0.217218     -1.63524
    0.229286     -1.56154
    0.229286     -1.56154
    0.236253     -1.58954
     0.24322     -1.67504
    0.250187     -1.80034
    0.257155     -1.95874
    0.264122     -2.13994
    0.271089     -2.33244
    0.278056     -2.52974
    0.285024     -2.72364
    0.291991     -2.91034
    0.298958     -3.08584
    0.305926     -3.19414
    0.312893     -3.26454
     0.31986     -3.32514
    0.326827     -3.38204
    0.333795     -3.42934
    0.340762     -3.46894
    0.347729     -3.49624
    0.354696     -3.51564
    0.361664     -3.52124
    0.361664     -3.52124
    0.368631     -3.46994
    0.375598     -3.32334
    0.382565     -3.13224
    0.389533     -2.93174
      0.3965     -2.73174
    0.403467     -2.55654
    0.410435     -2.65394
    0.417402     -2.73334
    0.424369     -2.79124
    0.431336     -2.88044
    0.438304     -2.96694
    0.445271     -3.04494
    0.452238     -3.03994
    0.459205     -2.98764
    0.466173     -2.94224
     0.47314     -2.90574
    0.480107     -2.88064
    0.487075     -2.86454
    0.494042     -2.85914
    0.494042     -2.85914
    0.503895     -2.87014
    0.513748     -2.90924
    0.523601     -2.96944
    0.533455     -3.03764
    0.543308     -3.05384
    0.553161     -2.95254
    0.563014     -2.83984
    0.572867     -2.75124
    0.582721     -2.70984
    0.592574     -2.66254
    0.602427     -2.61024
     0.61228     -2.57024
    0.622133     -2.54754
    0.631987     -2.36184
     0.64184     -2.14034
    0.651693     -1.92674
    0.661546     -1.74404
    0.671399     -1.61204
    0.681253     -1.56154

           0     -1.20534
   0.0120677     -1.23044
   0.0241353     -1.30174
    0.036203     -1.41664
   0.0482706     -1.55444
   0.0603383     -1.70704
    0.072406     -1.85864
   0.0844736     -1.99964
   0.0965413     -2.11954
    0.108609     -2.20914
    0.120677     -2.26154
    0.132744     -2.27414
    0.144812     -2.24494
     0.15688     -2.17504
    0.168947     -2.07134
    0.181015     -1.94534
    0.193083     -1.81154
     0.20515     -1.68804
    0.217218     -1.59714
    0.229286     -1.56154
    0.229286     -1.56154
    0.236253     -1.57094
     0.24322     -1.59864
    0.250187     -1.63474
    0.257155     -1.67564
    0.264122     -1.71784
    0.271089     -1.75894
    0.278056     -1.79904
    0.285024     -1.83634
    0.291991     -1.87144
    0.298958     -1.90394
    0.305926     -1.93354
    0.312893     -1.96124
     0.31986     -1.98594
    0.326827     -2.00714
    0.333795     -2.02324
    0.340762     -2.03694
    0.347729     -2.04244
    0.354696     -2.04834
    0.361664     -2.05034
    0.361664     -2.05034
    0.368631     -2.07064
    0.375598     -2.12814
    0.382565     -2.22444
    0.389533     -2.33174
      0.3965     -2.44594
    0.403467     -2.53824
    0.410435     -2.58334
    0.417402     -2.68704
    0.424369     -2.78644
    0.431336     -2.83394
    0.438304     -2.85974
    0.445271     -2.87234
    0.452238     -2.87504
    0.459205     -2.87444
    0.466173     -2.87104
     0.47314     -2.86524
    0.480107     -2.85964
    0.487075     -2.85674
    0.494042     -2.85914
    0.494042     -2.85914
    0.503895     -2.85584
    0.513748     -2.85124
    0.523601     -2.84644
    0.533455     -2.83844
    0.543308     -2.82604
    0.553161     -2.80824
    0.563014     -2.78374
    0.572867     -2.71844
    0.582721     -2.58934
    0.592574     -2.46014
    0.602427     -2.32484
     0.61228     -2.19254
    0.622133     -2.08594
    0.631987     -1.99804
     0.64184     -1.88424
    0.651693     -1.76524
    0.661546     -1.66114
    0.671399     -1.58714
    0.681253     -1.56154

           0     -1.20534
   0.0120677     -1.21564
   0.0241353     -1.24624
    0.036203     -1.29924
   0.0482706     -1.36414
   0.0603383     -1.44724
    0.072406     -1.54124
   0.0844736     -1.64444
   0.0965413     -1.75294
    0.108609     -1.86354
    0.120677     -1.97564
    0.132744     -2.08174
    0.144812     -2.18284
     0.15688     -2.17504
    0.168947     -2.07134
    0.181015     -1.94534
    0.193083     -1.81154
     0.20515     -1.68804
    0.217218     -1.59714
    0.229286     -1.56154
    0.229286     -1.56154
    0.236253     -1.57094
     0.24322     -1.59864
    0.250187     -1.63474
    0.257155     -1.67564
    0.264122     -1.71784
    0.271089     -1.75894
    0.278056     -1.79904
    0.285024     -1.83634
    0.291991     -1.87144
    0.298958     -1.90394
    0.305926     -1.93354
    0.312893     -1.96124
     0.31986     -1.98594
    0.326827     -2.00714
    0.333795     -2.02324
    0.340762     -2.03694
    0.347729     -2.04244
    0.354696     -2.04834
    0.361664     -2.05034
    0.361664     -2.05034
    0.368631     -2.06624
    0.375598     -2.11174
    0.382565     -2.18534
    0.389533     -2.27274
      0.3965     -2.37054
    0.403467     -2.47794
    0.410435     -2.35404
    0.417402     -2.18124
    0.424369     -2.02004
    0.431336     -1.87634
    0.438304     -1.75024
    0.445271     -1.63944
    0.452238     -1.54844
    0.459205     -1.47264
    0.466173     -1.41164
     0.47314     -1.36514
    0.480107     -1.33414
    0.487075     -1.31544
    0.494042     -1.31174
    0.494042     -1.31174
    0.503895     -1.32014
    0.513748     -1.35614
    0.523601     -1.41464
    0.533455     -1.49064
    0.543308     -1.58384
    0.553161     -1.68464
    0.563014     -1.78944
    0.572867     -1.89234
    0.582721     -1.98614
    0.592574     -2.06564
    0.602427     -2.11644
     0.61228     -2.12844
    0.622133     -2.06204
    0.631987     -1.93664
     0.64184     -1.82154
    0.651693     -1.71994
    0.661546     -1.63844
    0.671399     -1.58044
    0.681253     -1.56154

           0      2.60626
   0.0120677      2.59086
   0.0241353      2.54636
    0.036203      2.47116
   0.0482706      2.37056
   0.0603383      2.24666
    0.072406      2.10216
   0.0844736      1.93696
   0.0965413      1.75496
    0.108609      1.56026
    0.120677      1.35426
    0.132744      1.14286
    0.144812      0.92776
     0.15688      0.71486
    0.168947      0.50856
    0.181015      0.31416
    0.193083      0.13566
     0.20515   -0.0166403
    0.217218     -0.12744
    0.229286     -0.16954
    0.229286     -0.16954
    0.236253     -0.16854
     0.24322     -0.16574
    0.250187     -0.16114
    0.257155     -0.15474
    0.264122     -0.14684
    0.271089     -0.13764
    0.278056     -0.12744
    0.285024     -0.11624
    0.291991     -0.10454
    0.298958   -0.0925403
    0.305926   -0.0807403
    0.312893   -0.0696403
     0.31986   -0.0588403
    0.326827   -0.0494403
    0.333795   -0.0409403
    0.340762   -0.0347403
    0.347729   -0.0298403
    0.354696   -0.0267403
    0.361664   -0.0257403
    0.361664   -0.0257403
    0.368631  -0.00524028
    0.375598    0.0541597
    0.382565      0.14646
    0.389533      0.26416
      0.3965      0.40036
    0.403467      0.54856
    0.410435      0.70436
    0.417402      0.86306
    0.424369      1.02226
    0.431336      1.17616
    0.438304      1.32276
    0.445271      1.45956
    0.452238      1.58296
    0.459205      1.69246
    0.466173      1.78526
     0.47314      1.85946
    0.480107      1.91336
    0.487075      1.94636
    0.494042      1.95706
    0.494042      1.95706
    0.503895      1.94486
    0.513748      1.90696
    0.523601      1.84466
    0.533455      1.75996
    0.543308      1.65476
    0.553161      1.53146
    0.563014      1.39336
    0.572867      1.24346
    0.582721      1.08516
    0.592574      0.92026
    0.602427      0.75396
     0.61228      0.58836
    0.622133      0.42786
    0.631987      0.27516
     0.64184      0.13466
    0.651693    0.0126597
    0.661546   -0.0842403
    0.671399     -0.14734
    0.681253     -0.16954

           0      2.60626
   0.0120677      2.59236
   0.0241353      2.55146
    0.036203      2.48206
   0.0482706      2.38936
   0.0603383      2.27286
    0.072406      2.13646
   0.0844736      1.98286
   0.0965413      1.81396
    0.108609      1.63326
    0.120677      1.44236
    0.132744      1.24486
    0.144812      1.04016
     0.15688      0.83206
    0.168947      0.62036
    0.181015      0.40826
    0.193083      0.20256
     0.20515    0.0179597
    0.217218     -0.11804
    0.229286     -0.16954
    0.229286     -0.16954
    0.236253     -0.14514
     0.24322   -0.0755403
    0.250187    0.0310597
    0.257155      0.16486
    0.264122      0.31736
    0.271089      0.48156
    0.278056      0.65126
    0.285024      0.82296
    0.291991      0.99236
    0.298958      1.15646
    0.305926      1.31236
    0.312893      1.45636
     0.31986      1.58736
    0.326827      1.70136
    0.333795      1.79846
    0.340762      1.87596
    0.347729      1.93386
    0.354696      1.96816
    0.361664      1.97956
    0.361664      1.97956
    0.368631      1.97886
    0.375598      1.97786
    0.382565      1.97366
    0.389533      1.97126
      0.3965      1.97086
    0.403467      1.97186
    0.410435      1.96986
    0.417402      1.96786
    0.424369      1.96696
    0.431336      1.96516
    0.438304      1.96356
    0.445271      1.96236
    0.452238      1.96056
    0.459205      1.95956
    0.466173      1.95886
     0.47314      1.95836
    0.480107      1.95786
    0.487075      1.95746
    0.494042      1.95706
    0.494042      1.95706
    0.503895      1.94816
    0.513748      1.92116
    0.523601      1.87546
    0.533455      1.81186
    0.543308      1.73046
    0.553161      1.63196
    0.563014      1.51706
    0.572867      1.38646
    0.582721      1.24176
    0.592574      1.08176
    0.602427      0.91456
     0.61228      0.73866
    0.622133      0.55966
    0.631987      0.38246
     0.64184      0.21336
    0.651693    0.0620597
    0.661546   -0.0603403
    0.671399     -0.14114
    0.681253     -0.16954

           0      2.60626
   0.0120677      2.59236
   0.0241353      2.55146
    0.036203      2.48206
   0.0482706      2.38936
   0.0603383      2.27286
    0.072406      2.13646
   0.0844736      1.98286
   0.0965413      1.81396
    0.108609      1.63326
    0.120677      1.44236
    0.132744      1.24486
    0.144812      1.04016
     0.15688      0.83206
    0.168947      0.62036
    0.181015      0.40826
    0.193083      0.20256
     0.20515    0.0179597
    0.217218     -0.11804
    0.229286     -0.16954
    0.229286     -0.16954
    0.236253     -0.14514
     0.24322   -0.0755403
    0.250187    0.0310597
    0.257155      0.16486
    0.264122      0.31736
    0.271089      0.48156
    0.278056      0.65126
    0.285024      0.82296
    0.291991      0.99236
    0.298958      1.15646
    0.305926      1.31236
    0.312893      1.45636
     0.31986      1.58736
    0.326827      1.70136
    0.333795      1.79846
    0.340762      1.87596
    0.347729      1.93386
    0.354696      1.96816
    0.361664      1.97956
    0.361664      1.97956
    0.368631      1.97936
    0.375598      1.97876
    0.382565      1.97726
    0.389533      1.97576
      0.3965      1.97506
    0.403467      1.97346
    0.410435      1.98096
    0.417402      1.99476
    0.424369      2.01646
    0.431336      2.04346
    0.438304      2.07686
    0.445271      2.11626
    0.452238      2.15816
    0.459205      2.20026
    0.466173      2.24056
     0.47314      2.27566
    0.480107      2.30286
    0.487075      2.31996
    0.494042      2.32546
    0.494042      2.32546
    0.503895      2.31396
    0.513748      2.27876
    0.523601      2.22036
    0.533455      2.14046
    0.543308      2.03886
    0.553161      1.92066
    0.563014      1.78656
    0.572867      1.63906
    0.582721      1.48046
    0.592574      1.31106
    0.602427      1.13406
     0.61228      0.94856
    0.622133      0.75776
    0.631987      0.56116
     0.64184      0.36416
    0.651693      0.17396
    0.661546   0.00325972
    0.671399     -0.12204
    0.681253     -0.16954

           0      6.19246
   0.0120677      6.22366
   0.0241353      6.30316
    0.036203      6.35796
   0.0482706      6.27536
   0.0603383      6.08826
    0.072406      5.85026
   0.0844736      5.57486
   0.0965413      5.27386
    0.108609      4.95296
    0.120677      4.61676
    0.132744      4.27496
    0.144812      3.93286
     0.15688      3.59846
    0.168947      3.28006
    0.181015      2.98946
    0.193083      2.73886
     0.20515      2.54326
    0.217218      2.41756
    0.229286      2.37416
    0.229286      2.37416
    0.236253      2.37466
     0.24322      2.37576
    0.250187      2.37796
    0.257155      2.38086
    0.264122      2.38396
    0.271089      2.38736
    0.278056      2.38966
    0.285024      2.39276
    0.291991      2.39556
    0.298958      2.39816
    0.305926      2.40056
    0.312893      2.40266
     0.31986      2.40446
    0.326827      2.40586
    0.333795      2.40736
    0.340762      2.40756
    0.347729      2.40856
    0.354696      2.40896
    0.361664      2.40906
    0.361664      2.40906
    0.368631      2.42936
    0.375598      2.48756
    0.382565      2.57626
    0.389533      2.68446
      0.3965      2.80186
    0.403467      2.91836
    0.410435      3.02806
    0.417402      3.12616
    0.424369      3.21066
    0.431336      3.28126
    0.438304      3.33936
    0.445271      3.38676
    0.452238      3.42306
    0.459205      3.45216
    0.466173      3.47456
     0.47314      3.49116
    0.480107      3.50226
    0.487075      3.50876
    0.494042      3.51076
    0.494042      3.51076
    0.503895      3.50666
    0.513748      3.49386
    0.523601      3.47206
    0.533455      3.44146
    0.543308      3.40236
    0.553161      3.35306
    0.563014      3.29446
    0.572867      3.22666
    0.582721      3.15016
    0.592574      3.06486
    0.602427      2.97316
     0.61228      2.87536
    0.622133      2.77516
    0.631987      2.67626
     0.64184      2.58176
    0.651693      2.49836
    0.661546      2.43196
    0.671399      2.38906
    0.681253      2.37416

           0      6.19246
   0.0120677      6.22366
   0.0241353      6.30316
    0.036203      6.35796
   0.0482706      6.27536
   0.0603383      6.08826
    0.072406      5.85026
   0.0844736      5.57486
   0.0965413      5.27386
    0.108609      4.95296
    0.120677      4.61676
    0.132744      4.27496
    0.144812      3.93286
     0.15688      3.59846
    0.168947      3.28006
    0.181015      2.98946
    0.193083      2.73886
     0.20515      2.54326
    0.217218      2.41756
    0.229286      2.37416
    0.229286      2.37416
    0.236253      2.40266
     0.24322      2.48476
    0.250187      2.61226
    0.257155      2.77406
    0.264122      2.95936
    0.271089      3.15846
    0.278056      3.36316
    0.285024      3.56786
    0.291991      3.76706
    0.298958      3.95736
    0.305926      4.13526
    0.312893      4.29786
     0.31986      4.44406
    0.326827      4.56866
    0.333795      4.67306
    0.340762      4.75516
    0.347729      4.81546
    0.354696      4.85126
    0.361664      4.86326
    0.361664      4.86326
    0.368631      4.87296
    0.375598      4.90246
    0.382565      4.95146
    0.389533      5.02246
      0.3965      5.11566
    0.403467      5.22986
    0.410435      5.36406
    0.417402      5.51476
    0.424369      5.67856
    0.431336      5.84676
    0.438304      6.01406
    0.445271      6.17846
    0.452238      6.32946
    0.459205      6.46466
    0.466173      6.58116
     0.47314      6.67546
    0.480107      6.74196
    0.487075      6.78346
    0.494042      6.79586
    0.494042      6.79586
    0.503895      6.76956
    0.513748      6.68786
    0.523601      6.55386
    0.533455      6.37346
    0.543308      6.14946
    0.553161      5.89166
    0.563014      5.60416
    0.572867      5.29266
    0.582721      4.96366
    0.592574      4.62166
    0.602427      4.27426
     0.61228      3.92766
    0.622133      3.59166
    0.631987      3.27366
     0.64184      2.98406
    0.651693      2.73536
    0.661546      2.54136
    0.671399      2.41716
    0.681253      2.37416

           0      6.19246
   0.0120677      6.22926
   0.0241353      6.33426
    0.036203      6.48806
   0.0482706      6.66746
   0.0603383      6.84226
    0.072406      6.98936
   0.0844736      7.09196
   0.0965413      7.01826
    0.108609      6.79846
    0.120677      6.51186
    0.132744      6.18956
    0.144812      5.84976
     0.15688      5.50926
    0.168947      5.18086
    0.181015      4.88126
    0.193083      4.62566
     0.20515      4.43046
    0.217218      4.30776
    0.229286      4.26596
    0.229286      4.26596
    0.236253      4.27916
     0.24322      4.31876
    0.250187      4.38416
    0.257155      4.47456
    0.264122      4.58856
    0.271089      4.72466
    0.278056      4.88066
    0.285024      5.05376
    0.291991      5.24086
    0.298958      5.43046
    0.305926      5.60676
    0.312893      5.77706
     0.31986      5.93876
    0.326827      6.08316
    0.333795      6.20866
    0.340762      6.30996
    0.347729      6.38556
    0.354696      6.43056
    0.361664      6.44616
    0.361664      6.44616
    0.368631      6.45316
    0.375598      6.47416
    0.382565      6.50836
    0.389533      6.55466
      0.3965      6.61216
    0.403467      6.67946
    0.410435      6.75506
    0.417402      6.83766
    0.424369      6.92426
    0.431336      7.01306
    0.438304      7.10086
    0.445271      7.18706
    0.452238      7.26876
    0.459205      7.34236
    0.466173      7.37526
     0.47314      7.32306
    0.480107      7.28546
    0.487075      7.26266
    0.494042      7.25486
    0.494042      7.25486
    0.503895      7.26926
    0.513748      7.29166
    0.523601      7.25236
    0.533455      7.13546
    0.543308      6.97666
    0.553161      6.79096
    0.563014      6.58516
    0.572867      6.36356
    0.582721      6.12926
    0.592574      5.88336
    0.602427      5.63276
     0.61228      5.38016
    0.622133      5.13376
    0.631987      4.90036
     0.64184      4.68926
    0.651693      4.50726
    0.661546      4.37426
    0.671399      4.29316
    0.681253      4.26596

           0      6.80156
   0.0120677      6.78146
   0.0241353      6.73146
    0.036203      6.70716
   0.0482706      6.81106
   0.0603383      6.97276
    0.072406      7.10096
   0.0844736      7.12776
   0.0965413      7.01826
    0.108609      6.79846
    0.120677      6.51186
    0.132744      6.18956
    0.144812      5.84976
     0.15688      5.50926
    0.168947      5.18086
    0.181015      4.88126
    0.193083      4.62566
     0.20515      4.43046
    0.217218      4.30776
    0.229286      4.26596
    0.229286      4.26596
    0.236253      4.28066
     0.24322      4.32446
    0.250187      4.39596
    0.257155      4.49326
    0.264122      4.61336
    0.271089      4.75316
    0.278056      4.91066
    0.285024      5.07806
    0.291991      5.25266
    0.298958      5.43826
    0.305926      5.64126
    0.312893      5.84446
     0.31986      6.04176
    0.326827      6.22646
    0.333795      6.39106
    0.340762      6.52816
    0.347729      6.63166
    0.354696      6.69756
    0.361664      6.71936
    0.361664      6.71936
    0.368631      6.73176
    0.375598      6.76906
    0.382565      6.83066
    0.389533      6.91616
      0.3965      7.02536
    0.403467      7.15706
    0.410435      7.31076
    0.417402      7.48566
    0.424369      7.68116
    0.431336      7.82966
    0.438304      7.71576
    0.445271      7.61306
    0.452238      7.52176
    0.459205      7.44146
    0.466173      7.40666
     0.47314      7.45936
    0.480107      7.49816
    0.487075      7.52196
    0.494042      7.52966
    0.494042      7.52966
    0.503895      7.51526
    0.513748      7.48756
    0.523601      7.50986
    0.533455      7.58966
    0.543308      7.67176
    0.553161      7.72916
    0.563014      7.41706
    0.572867      6.99486
    0.582721      6.58646
    0.592574      6.19626
    0.602427      5.83026
     0.61228      5.49136
    0.622133      5.18586
    0.631987      4.91676
     0.64184      4.68996
    0.651693      4.51306
    0.661546      4.37866
    0.671399      4.29456
    0.681253      4.26596

           0      6.80156
   0.0120677      6.78146
   0.0241353      6.73146
    0.036203      6.70716
   0.0482706      6.81106
   0.0603383      6.97276
    0.072406      7.10096
   0.0844736      7.12776
   0.0965413      7.14486
    0.108609      7.15286
    0.120677      7.12426
    0.132744      7.06666
    0.144812      6.98246
     0.15688      6.86646
    0.168947      6.70546
    0.181015      6.49526
    0.193083      6.26066
     0.20515      6.04876
    0.217218      5.90276
    0.229286      5.85126
    0.229286      5.85126
    0.236253      5.86876
     0.24322      5.92056
    0.250187      6.00656
    0.257155      6.12476
    0.264122      6.27306
    0.271089      6.44906
    0.278056      6.65036
    0.285024      6.87426
    0.291991      7.11826
    0.298958      7.37346
    0.305926      7.34946
    0.312893      7.32626
     0.31986      7.30466
    0.326827      7.28496
    0.333795      7.26816
    0.340762      7.25366
    0.347729      7.24366
    0.354696      7.23756
    0.361664      7.23546
    0.361664      7.23546
    0.368631      7.24696
    0.375598      7.28116
    0.382565      7.33816
    0.389533      7.41466
      0.3965      7.51036
    0.403467      7.62216
    0.410435      7.74786
    0.417402      7.88456
    0.424369      7.95076
    0.431336      7.89566
    0.438304      8.12696
    0.445271      8.37396
    0.452238      8.60906
    0.459205      8.73486
    0.466173      8.84476
     0.47314      8.93496
    0.480107      9.00206
    0.487075      9.04276
    0.494042      9.05636
    0.494042      9.05636
    0.503895      9.03776
    0.513748      8.98486
    0.523601      8.89956
    0.533455      8.70046
    0.543308      8.27786
    0.553161      7.84716
    0.563014      7.73986
    0.572867      7.69316
    0.582721      7.58916
    0.592574      7.43616
    0.602427      7.24606
     0.61228      7.03106
    0.622133      6.80116
    0.631987      6.56736
     0.64184      6.34286
    0.651693      6.14376
    0.661546      5.98646
    0.671399      5.88596
    0.681253      5.85126

           0      9.18426
   0.0120677      9.16026
   0.0241353      9.08956
    0.036203      8.97556
   0.0482706      8.82786
   0.0603383      8.66326
    0.072406      8.51216
   0.0844736      8.41436
   0.0965413      8.38306
    0.108609      8.38146
    0.120677      8.36206
    0.132744      8.30306
    0.144812      8.20356
     0.15688      8.07696
    0.168947      7.93866
    0.181015      7.80606
    0.193083      7.67356
     0.20515      7.58576
    0.217218      7.54266
    0.229286      7.52986
    0.229286      7.52986
    0.236253      7.52796
     0.24322      7.52216
    0.250187      7.51276
    0.257155      7.49986
    0.264122      7.48386
    0.271089      7.46516
    0.278056      7.44416
    0.285024      7.42156
    0.291991      7.39776
    0.298958      7.38036
    0.305926      7.66006
    0.312893      7.95336
     0.31986      8.26126
    0.326827      8.58086
    0.333795      8.78556
    0.340762      8.85056
    0.347729      8.89996
    0.354696      8.92986
    0.361664      8.93986
    0.361664      8.93986
    0.368631      8.91316
    0.375598      8.84116
    0.382565      8.73616
    0.389533      8.61386
      0.3965      8.48226
    0.403467      8.34666
    0.410435      8.21106
    0.417402      8.07816
    0.424369      8.02886
    0.431336      8.17766
    0.438304      8.32656
    0.445271      8.47186
    0.452238      8.63196
    0.459205      8.89746
    0.466173      9.04196
     0.47314      9.04836
    0.480107      9.05286
    0.487075      9.05546
    0.494042      9.05636
    0.494042      9.05636
    0.503895      9.04556
    0.513748      9.01326
    0.523601      8.95866
    0.533455      8.79046
    0.543308      8.66526
    0.553161      8.53046
    0.563014      8.39306
    0.572867      8.25836
    0.582721      8.13056
    0.592574      8.01246
    0.602427      7.90596
     0.61228      7.81306
    0.622133      7.73496
    0.631987      7.66946
     0.64184      7.61756
    0.651693      7.57846
    0.661546      7.55116
    0.671399      7.53516
    0.681253      7.52986

           0      9.18426
   0.0120677      9.16026
   0.0241353      9.08956
    0.036203      8.97556
   0.0482706      8.82786
   0.0603383      8.66326
    0.072406      8.51216
   0.0844736      8.41436
   0.0965413      8.38306
    0.108609      8.38146
    0.120677      8.36206
    0.132744      8.30306
    0.144812      8.20356
     0.15688      8.07696
    0.168947      7.93866
    0.181015      7.80606
    0.193083      7.69096
     0.20515      7.60326
    0.217218      7.54846
    0.229286      7.52986
    0.229286      7.52986
    0.236253      7.53916
     0.24322      7.56656
    0.250187      7.61176
    0.257155      7.67336
    0.264122      7.74996
    0.271089      7.83946
    0.278056      7.94016
    0.285024      8.04856
    0.291991      8.16206
    0.298958      8.27806
    0.305926      8.39336
    0.312893      8.50456
     0.31986      8.60966
    0.326827      8.70346
    0.333795      8.78556
    0.340762      8.85056
    0.347729      8.89996
    0.354696      8.92986
    0.361664      8.93986
    0.361664      8.93986
    0.368631      8.94056
    0.375598      8.94256
    0.382565      8.94626
    0.389533      8.95056
      0.3965      8.95676
    0.403467      8.96276
    0.410435      8.97036
    0.417402      8.97876
    0.424369      8.98786
    0.431336      8.99736
    0.438304      9.00706
    0.445271      9.01686
    0.452238      9.02546
    0.459205      9.03416
    0.466173      9.16126
     0.47314      9.40946
    0.480107      9.62046
    0.487075      9.76596
    0.494042      9.81826
    0.494042      9.81826
    0.503895      9.71646
    0.513748      9.45386
    0.523601      9.10006
    0.533455      8.88466
    0.543308      8.79376
    0.553161      8.68876
    0.563014      8.57296
    0.572867      8.44986
    0.582721      8.32326
    0.592574      8.19546
    0.602427      8.07256
     0.61228      7.95626
    0.622133      7.85006
    0.631987      7.75616
     0.64184      7.67666
    0.651693      7.61326
    0.661546      7.56716
    0.671399      7.53926
    0.681253      7.52986

           0      9.78736
   0.0120677      9.81826
   0.0241353      9.91036
    0.036203       10.062
   0.0482706      10.2665
   0.0603383      10.5049
    0.072406       10.726
   0.0844736      10.8195
   0.0965413      10.6731
    0.108609      10.3199
    0.120677      9.86146
    0.132744      9.37036
    0.144812      8.88516
     0.15688      8.44646
    0.168947      8.08676
    0.181015      7.83166
    0.193083      7.69096
     0.20515      7.60326
    0.217218      7.54846
    0.229286      7.52986
    0.229286      7.52986
    0.236253      7.53916
     0.24322      7.56656
    0.250187      7.61176
    0.257155      7.67336
    0.264122      7.74996
    0.271089      7.83946
    0.278056      7.94016
    0.285024      8.04856
    0.291991      8.16206
    0.298958      8.27806
    0.305926      8.39336
    0.312893      8.50456
     0.31986      8.60966
    0.326827      8.70346
    0.333795      8.91036
    0.340762      9.24176
    0.347729      9.55836
    0.354696      9.81396
    0.361664      9.92066
    0.361664      9.92066
    0.368631      9.94716
    0.375598        10.02
    0.382565      10.1236
    0.389533       10.246
      0.3965      10.3794
    0.403467      10.5189
    0.410435      10.6615
    0.417402      10.8049
    0.424369      10.9471
    0.431336      11.0864
    0.438304       11.219
    0.445271      11.2769
    0.452238      11.2695
    0.459205      11.2776
    0.466173      11.3054
     0.47314        11.36
    0.480107      11.4532
    0.487075      11.5995
    0.494042      11.8055
    0.494042      11.8055
    0.503895      11.4691
    0.513748      11.1365
    0.523601      10.8151
    0.533455      10.5068
    0.543308      10.2132
    0.553161      9.93606
    0.563014      9.67456
    0.572867      9.42446
    0.582721      9.17946
    0.592574      8.93076
    0.602427      8.68236
     0.61228      8.43636
    0.622133      8.20666
    0.631987      8.00296
     0.64184      7.83166
    0.651693      7.69876
    0.661546      7.60446
    0.671399      7.54846
    0.681253      7.52986

           0      13.9768
   0.0120677      13.9594
   0.0241353       13.902
    0.036203      13.7848
   0.0482706      13.5975
   0.0603383       13.342
    0.072406      13.0852
   0.0844736      12.9584
   0.0965413       13.082
    0.108609      13.4156
    0.120677      13.8296
    0.132744      14.2162
    0.144812      14.5105
     0.15688      14.6937
    0.168947       14.795
    0.181015      14.8462
    0.193083      14.8701
     0.20515      14.8811
    0.217218       14.886
    0.229286      14.8879
    0.229286      14.8879
    0.236253      14.8874
     0.24322      14.8847
    0.250187      14.8792
    0.257155       14.868
    0.264122      14.8475
    0.271089      14.8148
    0.278056      14.7666
    0.285024         14.7
    0.291991      14.6112
    0.298958      14.4946
    0.305926      14.3373
    0.312893      14.1098
     0.31986      13.7849
    0.326827      13.3739
    0.333795      12.9232
    0.340762      12.4752
    0.347729      12.0677
    0.354696       11.754
    0.361664      11.6273
    0.361664      11.6273
    0.368631      11.6226
    0.375598       11.609
    0.382565      11.5861
    0.389533      11.5566
      0.3965      11.5212
    0.403467      11.4812
    0.410435      11.4395
    0.417402      11.3979
    0.424369      11.3587
    0.431336      11.3237
    0.438304      11.2956
    0.445271      11.3438
    0.452238       11.458
    0.459205      11.5586
    0.466173      11.6447
     0.47314      11.7146
    0.480107      11.7651
    0.487075      11.7955
    0.494042      11.8055
    0.494042      11.8055
    0.503895       11.901
    0.513748      12.1445
    0.523601      12.4679
    0.533455      12.8314
    0.543308      13.2174
    0.553161      13.6131
    0.563014      14.0126
    0.572867      14.2508
    0.582721      14.4188
    0.592574      14.5514
    0.602427      14.6567
     0.61228      14.7349
    0.622133      14.7928
    0.631987      14.8328
     0.64184      14.8588
    0.651693      14.8743
    0.661546      14.8825
    0.671399      14.8868
    0.681253      14.8879

           0      13.9768
   0.0120677      13.9917
   0.0241353      14.0377
    0.036203      14.1155
   0.0482706       14.231
   0.0603383      14.3795
    0.072406      14.5601
   0.0844736      14.7619
   0.0965413      14.9749
    0.108609      15.1904
    0.120677      15.4073
    0.132744      15.6287
    0.144812      15.8533
     0.15688      16.0754
    0.168947      16.2851
    0.181015      16.4675
    0.193083      16.6137
     0.20515      16.7216
    0.217218      16.7861
    0.229286      16.8081
    0.229286      16.8081
    0.236253      16.8061
     0.24322      16.7994
    0.250187      16.7899
    0.257155      16.7771
    0.264122      16.7613
    0.271089      16.7431
    0.278056      16.7231
    0.285024      16.6046
    0.291991      16.3214
    0.298958      15.9368
    0.305926       15.513
    0.312893      15.1186
     0.31986      14.8137
    0.326827      14.6023
    0.333795      14.4571
    0.340762      14.3532
    0.347729       14.282
    0.354696      14.2405
    0.361664      14.2265
    0.361664      14.2265
    0.368631      14.2272
    0.375598      14.2293
    0.382565      14.2327
    0.389533      14.2347
      0.3965      14.2352
    0.403467      14.2329
    0.410435      14.2272
    0.417402      14.2178
    0.424369      14.2049
    0.431336      14.1885
    0.438304      14.1701
    0.445271      14.1363
    0.452238      13.8086
    0.459205      13.4656
    0.466173       13.111
     0.47314      12.7523
    0.480107      12.4036
    0.487075      12.0828
    0.494042       11.814
    0.494042       11.814
    0.503895      12.1576
    0.513748      12.5075
    0.523601      12.8545
    0.533455      13.1929
    0.543308      13.5098
    0.553161      13.7964
    0.563014      14.0444
    0.572867      14.4089
    0.582721      14.7947
    0.592574      15.1619
    0.602427      15.5037
     0.61228      15.8084
    0.622133      16.0773
    0.631987       16.303
     0.64184      16.4858
    0.651693      16.6291
    0.661546      16.7284
    0.671399      16.7885
    0.681253      16.8081

           0      13.9768
   0.0120677      13.9917
   0.0241353      14.0377
    0.036203      14.1155
   0.0482706       14.231
   0.0603383      14.3795
    0.072406      14.5601
   0.0844736      14.7619
   0.0965413      14.9749
    0.108609      15.1904
    0.120677      15.4073
    0.132744      15.6287
    0.144812      15.8533
     0.15688      16.0754
    0.168947      16.2851
    0.181015      16.4675
    0.193083      16.6137
     0.20515      16.7216
    0.217218      16.7861
    0.229286      16.8081
    0.229286      16.8081
    0.236253      16.8061
     0.24322      16.7994
    0.250187      16.7899
    0.257155      16.7771
    0.264122      16.7613
    0.271089      16.7431
    0.278056      16.7231
    0.285024      16.7023
    0.291991      16.6808
    0.298958      16.6605
    0.305926       16.642
    0.312893      16.6253
     0.31986      16.6127
    0.326827      16.6006
    0.333795      16.5963
    0.340762      16.5908
    0.347729      16.5888
    0.354696      16.5879
    0.361664      16.5878
    0.361664      16.5878
    0.368631      16.5637
    0.375598      16.4928
    0.382565      16.3755
    0.389533      16.2209
      0.3965      16.0326
    0.403467      15.8156
    0.410435      15.5752
    0.417402      15.3161
    0.424369      15.0412
    0.431336      14.7516
    0.438304      14.4495
    0.445271      14.1527
    0.452238      14.1336
    0.459205      14.1169
    0.466173      14.1031
     0.47314      14.0938
    0.480107      14.0866
    0.487075      14.0579
    0.494042      14.0425
    0.494042      14.0425
    0.503895      14.0721
    0.513748      14.1582
    0.523601      14.2913
    0.533455        14.47
    0.543308      14.6891
    0.553161      14.9415
    0.563014      15.2205
    0.572867      15.5173
    0.582721      15.8187
    0.592574      16.0986
    0.602427      16.3277
     0.61228      16.4919
    0.622133      16.6061
    0.631987      16.6813
     0.64184      16.7327
    0.651693      16.7677
    0.661546      16.7899
    0.671399      16.8042
    0.681253      16.8081

           0      16.2217
   0.0120677      16.1581
   0.0241353       15.985
    0.036203      15.7497
   0.0482706      15.5297
   0.0603383      15.3842
    0.072406      15.3326
   0.0844736      15.3647
   0.0965413        15.46
    0.108609      15.6128
    0.120677      15.8237
    0.132744      16.1173
    0.144812      16.5103
     0.15688      16.9953
    0.168947      17.3461
    0.181015      17.2338
    0.193083      17.0797
     0.20515      16.9396
    0.217218      16.8414
    0.229286      16.8081
    0.229286      16.8081
    0.236253      16.8095
     0.24322      16.8121
    0.250187      16.8193
    0.257155      16.8277
    0.264122      16.8279
    0.271089      16.8153
    0.278056       16.758
    0.285024      16.7023
    0.291991      16.6808
    0.298958      16.6605
    0.305926       16.642
    0.312893      16.6253
     0.31986      16.6127
    0.326827      16.6006
    0.333795      16.5963
    0.340762      16.5908
    0.347729      16.5888
    0.354696      16.5879
    0.361664      16.5878
    0.361664      16.5878
    0.368631       16.583
    0.375598      16.5687
    0.382565      16.5449
    0.389533      16.5114
      0.3965      16.2928
    0.403467      16.0325
    0.410435      15.7792
    0.417402      15.5349
    0.424369      15.3042
    0.431336      15.0846
    0.438304      14.8818
    0.445271      14.6971
    0.452238       14.529
    0.459205      14.3857
    0.466173      14.2658
     0.47314      14.1708
    0.480107       14.101
    0.487075      14.0823
    0.494042      14.0789
    0.494042      14.0789
    0.503895      14.1166
    0.513748      14.2218
    0.523601      14.3907
    0.533455      14.6182
    0.543308      14.8934
    0.553161      15.2157
    0.563014      15.5758
    0.572867      15.9623
    0.582721      16.3563
    0.592574      16.7225
    0.602427      17.0141
     0.61228      17.1846
    0.622133      17.2217
    0.631987      17.1648
     0.64184      17.0634
    0.651693      16.9629
    0.661546      16.8787
    0.671399      16.8256
    0.681253      16.8081

           0      17.3175
   0.0120677      17.2887
   0.0241353      17.2353
    0.036203      17.1364
   0.0482706      17.0762
   0.0603383      17.1688
    0.072406      16.9214
   0.0844736      16.9718
   0.0965413      17.0305
    0.108609      17.0958
    0.120677       17.213
    0.132744      17.3279
    0.144812      17.4192
     0.15688      17.4429
    0.168947      17.5858
    0.181015      18.1639
    0.193083      18.7741
     0.20515      19.3942
    0.217218      20.0076
    0.229286      20.6281
    0.229286      20.6281
    0.236253      20.2793
     0.24322      19.9537
    0.250187      19.6465
    0.257155      19.3576
    0.264122      19.0867
    0.271089      18.8349
    0.278056      18.6027
    0.285024      18.3879
    0.291991      18.1907
    0.298958      18.0121
    0.305926      17.8541
    0.312893      17.7151
     0.31986      17.5953
    0.326827       17.493
    0.333795      17.4103
    0.340762      17.3458
    0.347729      17.3015
    0.354696       17.274
    0.361664      17.2648
    0.361664      17.2648
    0.368631      17.1994
    0.375598      17.0312
    0.382565      16.8013
    0.389533      16.5512
      0.3965       16.469
    0.403467      16.4177
    0.410435      16.3584
    0.417402      16.2918
    0.424369      16.2191
    0.431336      16.1409
    0.438304      16.0613
    0.445271      15.8391
    0.452238      15.3701
    0.459205      14.9797
    0.466173      14.6569
     0.47314      14.4048
    0.480107      14.2235
    0.487075      14.1157
    0.494042      14.0789
    0.494042      14.0789
    0.503895      14.1198
    0.513748      14.2342
    0.523601      14.4186
    0.533455      14.6664
    0.543308      14.9692
    0.553161      15.3203
    0.563014      15.7141
    0.572867      16.1668
    0.582721      16.6362
    0.592574      16.8445
    0.602427      17.1069
     0.61228      17.4368
    0.622133      17.8227
    0.631987       18.248
     0.64184      18.6956
    0.651693      19.1619
    0.661546      19.6396
    0.671399       20.125
    0.681253      20.6281



